{
  "camera_angle_x": 1.0699446298055681,
  "camera_angle_y": 0.8459274768734845,
  "fl_x": 539.9787724926774,
  "fl_y": 533.1768686458372,
  "k1": 0.025786379757683442,
  "k2": -0.08417815163158819,
  "k3": 0,
  "k4": 0,
  "p1": 0.0005867109571638734,
  "p2": 1.5065969558804033e-05,
  "is_fisheye": false,
  "cx": 321.54741035878,
  "cy": 233.8415442557142,
  "w": 640.0,
  "h": 480.0,
  "aabb_scale": 128,
  "frames": [
    {
      "file_path": "./images/1548266083.45445.png",
      "sharpness": 247.61880228254526,
      "transform_matrix": [
        [
          0.4108187583292109,
          -0.09071853778734001,
          0.9071924242805883,
          4.78239298648293
        ],
        [
          0.9110624355937875,
          0.0031490207427197175,
          -0.41225637911146196,
          -0.68097195397964
        ],
        [
          0.03454252814479741,
          0.9958715933971728,
          0.0839439287815182,
          0.02282581606140312
        ],
        [
          0.0,
          0.0,
          0.0,
          1.0
        ]
      ]
    },
    {
      "file_path": "./images/1548266083.48797.png",
      "sharpness": 269.4864286529117,
      "transform_matrix": [
        [
          0.41373653087355877,
          -0.09140140200869812,
          0.9057968131413776,
          4.767496170641527
        ],
        [
          0.9097992605399933,
          0.005472692348193058,
          -0.4150124759078445,
          -0.7175044376714256
        ],
        [
          0.03297557486078163,
          0.9957990928468656,
          0.08542118070651204,
          0.04116639215579479
        ],
        [
          0.0,
          0.0,
          0.0,
          1.0
        ]
      ]
    },
    {
      "file_path": "./images/1548266083.42114.png",
      "sharpness": 230.88261368662518,
      "transform_matrix": [
        [
          0.40563876676009847,
          -0.09229054519685355,
          0.9093622194341112,
          4.787993750877331
        ],
        [
          0.9133682682504871,
          0.002978164022498755,
          -0.4071234912062639,
          -0.6434367601919736
        ],
        [
          0.03486541912053425,
          0.9957276664689284,
          0.08550331422363923,
          0.021029683810435223
        ],
        [
          0.0,
          0.0,
          0.0,
          1.0
        ]
      ]
    },
    {
      "file_path": "./images/1548266083.38768.png",
      "sharpness": 217.39233653255033,
      "transform_matrix": [
        [
          0.4037323983250312,
          -0.09481809740669848,
          0.9099503716755167,
          4.808749701473349
        ],
        [
          0.9142286062240148,
          0.004370128904666611,
          -0.4051752183128529,
          -0.6225813848549944
        ],
        [
          0.03444134289569717,
          0.9954850226612477,
          0.0884497796606095,
          0.02041792118890459
        ],
        [
          0.0,
          0.0,
          0.0,
          1.0
        ]
      ]
    },
    {
      "file_path": "./images/1548266083.35420.png",
      "sharpness": 204.5219425002098,
      "transform_matrix": [
        [
          0.39953093869318135,
          -0.09781006047193411,
          0.9114868189189246,
          4.818110754981274
        ],
        [
          0.9159553216051577,
          0.001997239873407426,
          -0.4012752918582157,
          -0.5825202781637359
        ],
        [
          0.03742830274371496,
          0.9952030963922389,
          0.09038760451720845,
          0.0010180734770520682
        ],
        [
          0.0,
          0.0,
          0.0,
          1.0
        ]
      ]
    },
    {
      "file_path": "./images/1548266083.28715.png",
      "sharpness": 164.88776941171216,
      "transform_matrix": [
        [
          0.3967750647474689,
          -0.10374395762273414,
          0.9120343958518959,
          4.854712503988268
        ],
        [
          0.9171426965462376,
          0.004033525918597759,
          -0.3985385863882891,
          -0.5744107192966759
        ],
        [
          0.037667255842969816,
          0.9945958585731046,
          0.09674841555200532,
          -0.004283899329789767
        ],
        [
          0.0,
          0.0,
          0.0,
          1.0
        ]
      ]
    },
    {
      "file_path": "./images/1548266083.32066.png",
      "sharpness": 191.9199833370209,
      "transform_matrix": [
        [
          0.3941666983212511,
          -0.10078798990089226,
          0.9134957005874631,
          4.8328604714653425
        ],
        [
          0.9182058468622348,
          0.000874695650685914,
          -0.39610258481274896,
          -0.5573669781463265
        ],
        [
          0.03912335260160061,
          0.9949075414150766,
          0.09288889751715819,
          -0.012742339028023708
        ],
        [
          0.0,
          0.0,
          0.0,
          1.0
        ]
      ]
    },
    {
      "file_path": "./images/1548266083.25362.png",
      "sharpness": 210.69319298170936,
      "transform_matrix": [
        [
          0.3933677985002444,
          -0.10560907610859191,
          0.9132954057215438,
          4.8788612465669665
        ],
        [
          0.918349792932758,
          -0.0019053874654247854,
          -0.39576511634905737,
          -0.5186693259032307
        ],
        [
          0.043536569911925234,
          0.9944058992722408,
          0.09623655510358127,
          -0.03866072847453674
        ],
        [
          0.0,
          0.0,
          0.0,
          1.0
        ]
      ]
    },
    {
      "file_path": "./images/1548266083.22010.png",
      "sharpness": 230.4159343664805,
      "transform_matrix": [
        [
          0.387330672230116,
          -0.10669655238704681,
          0.9157460324915436,
          4.900809403522037
        ],
        [
          0.9208024628115895,
          -0.004575021092351367,
          -0.3900024277641507,
          -0.4876287077124061
        ],
        [
          0.04580147187889909,
          0.9942811045454208,
          0.0964744022163312,
          -0.06041530392639568
        ],
        [
          0.0,
          0.0,
          0.0,
          1.0
        ]
      ]
    },
    {
      "file_path": "./images/1548266083.18659.png",
      "sharpness": 225.2320369816992,
      "transform_matrix": [
        [
          0.3872371373650013,
          -0.10716740617221952,
          0.9157306080202826,
          4.929056574656091
        ],
        [
          0.9207396871402375,
          -0.006554252750613262,
          -0.3901223786141916,
          -0.48570263841479033
        ],
        [
          0.047810333262257226,
          0.9942193866499189,
          0.09613523395792607,
          -0.07465279272620455
        ],
        [
          0.0,
          0.0,
          0.0,
          1.0
        ]
      ]
    },
    {
      "file_path": "./images/1548266083.15308.png",
      "sharpness": 167.95955011366743,
      "transform_matrix": [
        [
          0.37795143358602096,
          -0.10700279804784445,
          0.919621180174599,
          4.9585140213673
        ],
        [
          0.9242719031935906,
          -0.013909699671243276,
          -0.3814812829245615,
          -0.427054298467844
        ],
        [
          0.05361121910335248,
          0.9941614161846851,
          0.09364248886722333,
          -0.11563181530540338
        ],
        [
          0.0,
          0.0,
          0.0,
          1.0
        ]
      ]
    },
    {
      "file_path": "./images/1548266083.11957.png",
      "sharpness": 255.487971292962,
      "transform_matrix": [
        [
          0.37562533299061324,
          -0.10780829412387995,
          0.9204797558335047,
          4.982615208760516
        ],
        [
          0.9251820321545029,
          -0.014526264924140336,
          -0.37924556029785483,
          -0.4437260181509092
        ],
        [
          0.05425694970031234,
          0.994065570931216,
          0.0942858635414017,
          -0.11209289880124952
        ],
        [
          0.0,
          0.0,
          0.0,
          1.0
        ]
      ]
    },
    {
      "file_path": "./images/1548266083.08605.png",
      "sharpness": 206.9365979376475,
      "transform_matrix": [
        [
          0.37107723455835057,
          -0.10824894631018793,
          0.9222710293513395,
          5.004387770275827
        ],
        [
          0.9266653068980951,
          -0.020944187526802327,
          -0.3753035438150257,
          -0.3939298788683955
        ],
        [
          0.0599424305537275,
          0.9939031676159097,
          0.09253863186640846,
          -0.1372947404672213
        ],
        [
          0.0,
          0.0,
          0.0,
          1.0
        ]
      ]
    },
    {
      "file_path": "./images/1548266083.05252.png",
      "sharpness": 206.50004850192602,
      "transform_matrix": [
        [
          0.36138595791276573,
          -0.10961112906995753,
          0.9259511810959583,
          5.037780026361056
        ],
        [
          0.9301836684978129,
          -0.026299921257641523,
          -0.3661511395607129,
          -0.351732056074602
        ],
        [
          0.0644866829687453,
          0.9936265467927202,
          0.09245405990975737,
          -0.14242752189211236
        ],
        [
          0.0,
          0.0,
          0.0,
          1.0
        ]
      ]
    },
    {
      "file_path": "./images/1548266083.01900.png",
      "sharpness": 223.5838288163503,
      "transform_matrix": [
        [
          0.3623419170067643,
          -0.1099641188576659,
          0.9255356436730241,
          5.062390674358237
        ],
        [
          0.9297757782903957,
          -0.026609236038002505,
          -0.367163384151768,
          -0.3732467666944892
        ],
        [
          0.06500259441912801,
          0.9935793078998306,
          0.0926003325988087,
          -0.1446074342798762
        ],
        [
          0.0,
          0.0,
          0.0,
          1.0
        ]
      ]
    },
    {
      "file_path": "./images/1548266082.98549.png",
      "sharpness": 225.46927188185586,
      "transform_matrix": [
        [
          0.3591224337509168,
          -0.10980416081393712,
          0.9268085691286437,
          5.082277958898726
        ],
        [
          0.9305888202006759,
          -0.0333761103761955,
          -0.3645414694839061,
          -0.3287149151437433
        ],
        [
          0.07096143523940124,
          0.9933927126214971,
          0.0901964144775286,
          -0.1746971447012141
        ],
        [
          0.0,
          0.0,
          0.0,
          1.0
        ]
      ]
    },
    {
      "file_path": "./images/1548266082.95197.png",
      "sharpness": 259.0681651865217,
      "transform_matrix": [
        [
          0.35317143599153006,
          -0.1119441591706337,
          0.9288371450328518,
          5.1070157698734
        ],
        [
          0.9326817087229945,
          -0.035670864875186996,
          -0.3589323329158676,
          -0.2978928697727797
        ],
        [
          0.07331280249894213,
          0.9930740629943149,
          0.09181033908579604,
          -0.16303821099269133
        ],
        [
          0.0,
          0.0,
          0.0,
          1.0
        ]
      ]
    },
    {
      "file_path": "./images/1548266082.88494.png",
      "sharpness": 227.392777966298,
      "transform_matrix": [
        [
          0.35371902000958083,
          -0.11437556833557466,
          0.9283324211816016,
          5.143634406603487
        ],
        [
          0.932140945707905,
          -0.03906073408404949,
          -0.3599826612316259,
          -0.23909207499619203
        ],
        [
          0.07743456731469629,
          0.9926693751628188,
          0.09279762585313697,
          -0.18588699804529452
        ],
        [
          0.0,
          0.0,
          0.0,
          1.0
        ]
      ]
    },
    {
      "file_path": "./images/1548266082.91845.png",
      "sharpness": 169.58080722384983,
      "transform_matrix": [
        [
          0.35593801943374637,
          -0.11256711854608432,
          0.9277051094552259,
          5.119775678684665
        ],
        [
          0.9316445252815652,
          -0.0349316803542181,
          -0.3616880648021634,
          -0.30642344635711727
        ],
        [
          0.07312048161375388,
          0.9930299197382024,
          0.09243902659940738,
          -0.17237322803886831
        ],
        [
          0.0,
          0.0,
          0.0,
          1.0
        ]
      ]
    },
    {
      "file_path": "./images/1548266082.85141.png",
      "sharpness": 236.00758552948633,
      "transform_matrix": [
        [
          0.35047980531074124,
          -0.1160409884984003,
          0.9293537512826738,
          5.156097701245289
        ],
        [
          0.9332801404704137,
          -0.03983012882501906,
          -0.3569338037243361,
          -0.21248815613902272
        ],
        [
          0.0784352310502696,
          0.9924454895819274,
          0.09433909425001837,
          -0.19729339145843308
        ],
        [
          0.0,
          0.0,
          0.0,
          1.0
        ]
      ]
    },
    {
      "file_path": "./images/1548266082.78438.png",
      "sharpness": 199.4251857804617,
      "transform_matrix": [
        [
          0.35042808786731305,
          -0.11911251067398478,
          0.9289845881391774,
          5.1835620989505
        ],
        [
          0.9333817027793377,
          -0.037610180904645345,
          -0.3569090517329025,
          -0.14325449374947927
        ],
        [
          0.07745161165171906,
          0.9921681732744042,
          0.09799777425644748,
          -0.21430502214678449
        ],
        [
          0.0,
          0.0,
          0.0,
          1.0
        ]
      ]
    },
    {
      "file_path": "./images/1548266082.81790.png",
      "sharpness": 170.09364318576388,
      "transform_matrix": [
        [
          0.35348013827143265,
          -0.11763192634854855,
          0.9280164447447347,
          5.174283055966365
        ],
        [
          0.9324269659578435,
          -0.03528034025702592,
          -0.35963210472066404,
          -0.20352763319358588
        ],
        [
          0.07504495318978442,
          0.9924303640358244,
          0.09721228063263714,
          -0.19768775750222617
        ],
        [
          0.0,
          0.0,
          0.0,
          1.0
        ]
      ]
    },
    {
      "file_path": "./images/1548266082.75087.png",
      "sharpness": 196.2214376057943,
      "transform_matrix": [
        [
          0.3479569306658009,
          -0.11998486365774776,
          0.929800842578767,
          5.194550401497076
        ],
        [
          0.9347762073244483,
          -0.031289144827539875,
          -0.35385651277869284,
          -0.1199249466855572
        ],
        [
          0.07155009866437324,
          0.9922825312754341,
          0.1012717209889821,
          -0.22055773469179119
        ],
        [
          0.0,
          0.0,
          0.0,
          1.0
        ]
      ]
    },
    {
      "file_path": "./images/1548266082.71740.png",
      "sharpness": 192.02780589192713,
      "transform_matrix": [
        [
          0.3521456122865104,
          -0.12036448069944944,
          0.9281733994781521,
          5.221156169725861
        ],
        [
          0.9334445586322568,
          -0.027278981709791258,
          -0.3576829785110327,
          -0.10460319101414498
        ],
        [
          0.0683719511513921,
          0.9923549006823152,
          0.10274739584475143,
          -0.22486010916272545
        ],
        [
          0.0,
          0.0,
          0.0,
          1.0
        ]
      ]
    },
    {
      "file_path": "./images/1548266082.68389.png",
      "sharpness": 208.72448429154292,
      "transform_matrix": [
        [
          0.3513282965918688,
          -0.12162266547393348,
          0.9283191020454065,
          5.228438996241395
        ],
        [
          0.9339082799788306,
          -0.02459421035719461,
          -0.3566657390382536,
          -0.05573277287934875
        ],
        [
          0.06620991313936954,
          0.9922716624117082,
          0.10494377228838676,
          -0.22779272130760192
        ],
        [
          0.0,
          0.0,
          0.0,
          1.0
        ]
      ]
    },
    {
      "file_path": "./images/1548266082.65038.png",
      "sharpness": 150.20522009098264,
      "transform_matrix": [
        [
          0.35529926349163793,
          -0.1216316770456047,
          0.9268053563002816,
          5.237798862446494
        ],
        [
          0.9328536257224656,
          -0.017029872877445843,
          -0.35985288161420115,
          -0.029013430544342144
        ],
        [
          0.0595528868803585,
          0.9924292007665882,
          0.10741384964398362,
          -0.23815315779080873
        ],
        [
          0.0,
          0.0,
          0.0,
          1.0
        ]
      ]
    },
    {
      "file_path": "./images/1548266082.61689.png",
      "sharpness": 234.7545589571529,
      "transform_matrix": [
        [
          0.3570104068388337,
          -0.1209509976516032,
          0.9262367006016178,
          5.25770817726393
        ],
        [
          0.9322725483959206,
          -0.015865290478883964,
          -0.36140861647892714,
          0.021002489895244017
        ],
        [
          0.058407747030259714,
          0.9925316864919013,
          0.1070952210032067,
          -0.2586885645479529
        ],
        [
          0.0,
          0.0,
          0.0,
          1.0
        ]
      ]
    },
    {
      "file_path": "./images/1548266082.58341.png",
      "sharpness": 169.22097559606766,
      "transform_matrix": [
        [
          0.35952859681628413,
          -0.12018338175763678,
          0.9253621684433239,
          5.275169403498365
        ],
        [
          0.9315729740228379,
          -0.011109951647292797,
          -0.3633845938457705,
          0.03517961454938842
        ],
        [
          0.05395351831464941,
          0.9926895404349946,
          0.10796524504563593,
          -0.2578445550831324
        ],
        [
          0.0,
          0.0,
          0.0,
          1.0
        ]
      ]
    },
    {
      "file_path": "./images/1548266082.51638.png",
      "sharpness": 251.85518685021938,
      "transform_matrix": [
        [
          0.36376445146662795,
          -0.11765534789623408,
          0.924030650425687,
          5.300748385398981
        ],
        [
          0.9301226158454997,
          -0.007870206962388177,
          -0.3671647849874903,
          0.1323475083225039
        ],
        [
          0.05047121297138948,
          0.9930233023041952,
          0.10657099843485568,
          -0.26508668427523935
        ],
        [
          0.0,
          0.0,
          0.0,
          1.0
        ]
      ]
    },
    {
      "file_path": "./images/1548266082.54989.png",
      "sharpness": 151.44463637271454,
      "transform_matrix": [
        [
          0.36572951400158743,
          -0.1184445068851163,
          0.9231537365696046,
          5.295447609620459
        ],
        [
          0.9293976410883915,
          -0.006400985748335033,
          -0.36902446005732337,
          0.06223147367537821
        ],
        [
          0.04961801411134027,
          0.992940041561188,
          0.10774101589203532,
          -0.25871738814872075
        ],
        [
          0.0,
          0.0,
          0.0,
          1.0
        ]
      ]
    },
    {
      "file_path": "./images/1548266082.41585.png",
      "sharpness": 251.8439344550133,
      "transform_matrix": [
        [
          0.3716883907877067,
          -0.11493842689372818,
          0.9212149033436001,
          5.33954559314894
        ],
        [
          0.9273745610243657,
          0.0003171409752141703,
          -0.37413409759908617,
          0.21574896037585556
        ],
        [
          0.04271022963251536,
          0.9933725672727899,
          0.1067088508041327,
          -0.271049414448815
        ],
        [
          0.0,
          0.0,
          0.0,
          1.0
        ]
      ]
    },
    {
      "file_path": "./images/1548266082.48288.png",
      "sharpness": 149.1019390858544,
      "transform_matrix": [
        [
          0.36835748735657076,
          -0.11703443630369319,
          0.922288296680029,
          5.3053045047556395
        ],
        [
          0.928613151369228,
          -0.0012884779466993666,
          -0.37104710607752767,
          0.12247301704600563
        ],
        [
          0.04461363703267128,
          0.9931270213366442,
          0.10820509621573313,
          -0.2532767468668499
        ],
        [
          0.0,
          0.0,
          0.0,
          1.0
        ]
      ]
    },
    {
      "file_path": "./images/1548266082.38233.png",
      "sharpness": 213.85224835026,
      "transform_matrix": [
        [
          0.3716938366553172,
          -0.11449880668611301,
          0.9212674503234254,
          5.356862555590624
        ],
        [
          0.9275594638535928,
          0.004720137789035198,
          -0.3736457698338146,
          0.22798200963041967
        ],
        [
          0.03843348546320619,
          0.9934121720273228,
          0.10795889786599554,
          -0.25246211971325333
        ],
        [
          0.0,
          0.0,
          0.0,
          1.0
        ]
      ]
    },
    {
      "file_path": "./images/1548266082.44937.png",
      "sharpness": 178.0309310974015,
      "transform_matrix": [
        [
          0.3737003926642501,
          -0.11523642650737567,
          0.9203632883236456,
          5.329234102607149
        ],
        [
          0.9265964165833099,
          0.001410678035323966,
          -0.37605463800126926,
          0.1655618780573857
        ],
        [
          0.04203685637943434,
          0.9933370907998086,
          0.10730483079732374,
          -0.2684431547296088
        ],
        [
          0.0,
          0.0,
          0.0,
          1.0
        ]
      ]
    },
    {
      "file_path": "./images/1548266082.34882.png",
      "sharpness": 150.69881885985265,
      "transform_matrix": [
        [
          0.3756714864745871,
          -0.11339803050135584,
          0.91978900890036,
          5.352334243096617
        ],
        [
          0.9261565949550132,
          0.010340185642961,
          -0.3769974034154884,
          0.2487922057976318
        ],
        [
          0.0332399739470567,
          0.9934958314983596,
          0.10890884671465483,
          -0.25732413836160634
        ],
        [
          0.0,
          0.0,
          0.0,
          1.0
        ]
      ]
    },
    {
      "file_path": "./images/1548266082.28189.png",
      "sharpness": 246.7221451502376,
      "transform_matrix": [
        [
          0.3789210669070067,
          -0.11301465293624154,
          0.9185023207598744,
          5.376339331909183
        ],
        [
          0.9248946512609335,
          0.012524474736877773,
          -0.3800171332996678,
          0.3189977551812792
        ],
        [
          0.0314437453175668,
          0.9935143812344145,
          0.10927243534458818,
          -0.26659824743574057
        ],
        [
          0.0,
          0.0,
          0.0,
          1.0
        ]
      ]
    },
    {
      "file_path": "./images/1548266082.31530.png",
      "sharpness": 194.82256046802732,
      "transform_matrix": [
        [
          0.380090315936838,
          -0.1133214514281624,
          0.9179812636120456,
          5.365502637985419
        ],
        [
          0.9244065353598432,
          0.012542609028570646,
          -0.38120236140740643,
          0.27877115809708203
        ],
        [
          0.03168452479749113,
          0.9934792054040719,
          0.10952241452499827,
          -0.2637976451582724
        ],
        [
          0.0,
          0.0,
          0.0,
          1.0
        ]
      ]
    },
    {
      "file_path": "./images/1548266082.24825.png",
      "sharpness": 240.24684204911128,
      "transform_matrix": [
        [
          0.37665245409602965,
          -0.11285386777844762,
          0.9194546934549858,
          5.375849433435176
        ],
        [
          0.9259044423953976,
          0.01492292979434707,
          -0.3774629382053777,
          0.35577544983051024
        ],
        [
          0.028877194679982423,
          0.9934995272566229,
          0.11011265564691114,
          -0.26168352531179456
        ],
        [
          0.0,
          0.0,
          0.0,
          1.0
        ]
      ]
    },
    {
      "file_path": "./images/1548266082.21473.png",
      "sharpness": 214.5929899820857,
      "transform_matrix": [
        [
          0.37814471956282847,
          -0.11388185331332606,
          0.9187151324094921,
          5.386028245711209
        ],
        [
          0.9253748806654164,
          0.01838286405889994,
          -0.3786071850114234,
          0.36344183813079955
        ],
        [
          0.026227872518904325,
          0.9933242138195624,
          0.11233478939408997,
          -0.2467852253812672
        ],
        [
          0.0,
          0.0,
          0.0,
          1.0
        ]
      ]
    },
    {
      "file_path": "./images/1548266082.14770.png",
      "sharpness": 219.1224475809309,
      "transform_matrix": [
        [
          0.378328311914488,
          -0.11140629820522337,
          0.9189430477944003,
          5.394550814604482
        ],
        [
          0.9254152097175913,
          0.0221618377683567,
          -0.378306149262593,
          0.40897357260636386
        ],
        [
          0.021780220934039498,
          0.9935278001305644,
          0.1114815334892725,
          -0.26319661058739097
        ],
        [
          0.0,
          0.0,
          0.0,
          1.0
        ]
      ]
    },
    {
      "file_path": "./images/1548266082.11410.png",
      "sharpness": 196.87960906876458,
      "transform_matrix": [
        [
          0.38069376029489504,
          -0.11260316586820271,
          0.9178195835100216,
          5.39364417747295
        ],
        [
          0.9244989477574278,
          0.02559086850767803,
          -0.38032460220743963,
          0.4266218343981591
        ],
        [
          0.01933795399074585,
          0.993310442133186,
          0.11384379232070879,
          -0.24062816632450287
        ],
        [
          0.0,
          0.0,
          0.0,
          1.0
        ]
      ]
    },
    {
      "file_path": "./images/1548266082.18122.png",
      "sharpness": 247.48866567686923,
      "transform_matrix": [
        [
          0.37706756399105873,
          -0.11233138402679986,
          0.919348526030249,
          5.393050347583805
        ],
        [
          0.9258735005690997,
          0.01994375961850447,
          -0.37730691405806055,
          0.40361520171947324
        ],
        [
          0.02404814185024913,
          0.9934706369995251,
          0.11152479660883795,
          -0.2627236484467504
        ],
        [
          0.0,
          0.0,
          0.0,
          1.0
        ]
      ]
    },
    {
      "file_path": "./images/1548266082.08038.png",
      "sharpness": 237.4054836451107,
      "transform_matrix": [
        [
          0.3814874871910457,
          -0.11214401432354391,
          0.9175461934603517,
          5.387437828799194
        ],
        [
          0.9241886948923395,
          0.02639783710082343,
          -0.3810228476474975,
          0.4569991872400689
        ],
        [
          0.018508196736731517,
          0.9933412677489771,
          0.11371267478053562,
          -0.250680645713184
        ],
        [
          0.0,
          0.0,
          0.0,
          1.0
        ]
      ]
    },
    {
      "file_path": "./images/1548266081.97983.png",
      "sharpness": 207.43959696752765,
      "transform_matrix": [
        [
          0.37842676426706867,
          -0.11675872530216826,
          0.9182377601240802,
          5.383346138004887
        ],
        [
          0.925473141527056,
          0.029392647599642593,
          -0.3776712016806961,
          0.5261884631104263
        ],
        [
          0.01710696919556395,
          0.992725275339681,
          0.11918002883046734,
          -0.22814632781059854
        ],
        [
          0.0,
          0.0,
          0.0,
          1.0
        ]
      ]
    },
    {
      "file_path": "./images/1548266082.04686.png",
      "sharpness": 213.89689837133616,
      "transform_matrix": [
        [
          0.38049190438410246,
          -0.11421949142910696,
          0.9177035569514559,
          5.3805122527470886
        ],
        [
          0.9246372789218423,
          0.029295656032538225,
          -0.3797205116469878,
          0.48987138662847424
        ],
        [
          0.016486755981232587,
          0.993023500366758,
          0.11675835970884833,
          -0.2353179232256179
        ],
        [
          0.0,
          0.0,
          0.0,
          1.0
        ]
      ]
    },
    {
      "file_path": "./images/1548266081.94631.png",
      "sharpness": 239.60314132584463,
      "transform_matrix": [
        [
          0.37578559252057303,
          -0.11547811363833987,
          0.9194835472644475,
          5.383365015963137
        ],
        [
          0.926579869754141,
          0.030409845714045338,
          -0.37486662461449294,
          0.5391253318767487
        ],
        [
          0.015327537867538411,
          0.9928444221123116,
          0.11842727738457874,
          -0.2277928982650078
        ],
        [
          0.0,
          0.0,
          0.0,
          1.0
        ]
      ]
    },
    {
      "file_path": "./images/1548266082.01335.png",
      "sharpness": 227.91029964154552,
      "transform_matrix": [
        [
          0.3816266179839098,
          -0.11546682688336914,
          0.9170760798871421,
          5.377491895190384
        ],
        [
          0.9241826674651012,
          0.03077868912409153,
          -0.38070864115844355,
          0.5026830394565048
        ],
        [
          0.015732819195657874,
          0.9928343689410839,
          0.11845840710920838,
          -0.23657489023579445
        ],
        [
          0.0,
          0.0,
          0.0,
          1.0
        ]
      ]
    },
    {
      "file_path": "./images/1548266081.91273.png",
      "sharpness": 231.47005324019318,
      "transform_matrix": [
        [
          0.37619085513038836,
          -0.11502910187590194,
          0.919374105684628,
          5.387906321979441
        ],
        [
          0.9264214788928595,
          0.030680628176523,
          -0.37523584916752956,
          0.5377117342381267
        ],
        [
          0.014956067629748998,
          0.9928882136180633,
          0.11810720242525426,
          -0.21264719762771567
        ],
        [
          0.0,
          0.0,
          0.0,
          1.0
        ]
      ]
    },
    {
      "file_path": "./images/1548266081.87927.png",
      "sharpness": 145.38308068576387,
      "transform_matrix": [
        [
          0.37089888020184125,
          -0.11356771024073956,
          0.9217029867702579,
          5.391927088906045
        ],
        [
          0.928499592338091,
          0.026155590562692448,
          -0.37041111229299223,
          0.5673802879611363
        ],
        [
          0.017959055928467034,
          0.9931859142367743,
          0.11514865191201766,
          -0.21306413334524527
        ],
        [
          0.0,
          0.0,
          0.0,
          1.0
        ]
      ]
    },
    {
      "file_path": "./images/1548266081.84576.png",
      "sharpness": 165.88287690352337,
      "transform_matrix": [
        [
          0.36668574843792123,
          -0.11276685226120386,
          0.9234853539115495,
          5.406014042425771
        ],
        [
          0.9301744923940931,
          0.025442055977775074,
          -0.3662350549672038,
          0.5583464718122805
        ],
        [
          0.017803808267487547,
          0.9932956955429072,
          0.11422208889895503,
          -0.18049801070912067
        ],
        [
          0.0,
          0.0,
          0.0,
          1.0
        ]
      ]
    },
    {
      "file_path": "./images/1548266081.81218.png",
      "sharpness": 167.98597328184974,
      "transform_matrix": [
        [
          0.3676985466144639,
          -0.10945768205275747,
          0.9234808036027425,
          5.409269939430215
        ],
        [
          0.9298408811005189,
          0.02841192578241537,
          -0.36686332374245434,
          0.5535065060231452
        ],
        [
          0.013918140993572987,
          0.9935853150476415,
          0.11222525133986869,
          -0.17088904136607938
        ],
        [
          0.0,
          0.0,
          0.0,
          1.0
        ]
      ]
    },
    {
      "file_path": "./images/1548266081.71168.png",
      "sharpness": 212.92694600423175,
      "transform_matrix": [
        [
          0.34942508993169047,
          -0.10805892451526726,
          0.9307122946025546,
          5.392525521124099
        ],
        [
          0.9366859194655259,
          0.016074489891540426,
          -0.34980151378969887,
          0.5635430133955164
        ],
        [
          0.02283845000240618,
          0.9940145268418701,
          0.10683410314199662,
          -0.1016611439550692
        ],
        [
          0.0,
          0.0,
          0.0,
          1.0
        ]
      ]
    },
    {
      "file_path": "./images/1548266081.77867.png",
      "sharpness": 101.51854356129965,
      "transform_matrix": [
        [
          0.363817674014332,
          -0.10848660323416318,
          0.9251309944862042,
          5.393780608494268
        ],
        [
          0.931245593453639,
          0.020554117062194906,
          -0.3638120022000224,
          0.5845173428728002
        ],
        [
          0.020453477575966147,
          0.9938853984015695,
          0.10850562227155397,
          -0.1649108243697029
        ],
        [
          0.0,
          0.0,
          0.0,
          1.0
        ]
      ]
    },
    {
      "file_path": "./images/1548266081.67812.png",
      "sharpness": 161.5644774881575,
      "transform_matrix": [
        [
          0.34759146938166946,
          -0.11063011600645399,
          0.9310967446033785,
          5.373291682524183
        ],
        [
          0.9371549067083111,
          0.008852348263334163,
          -0.34880125682482405,
          0.5809637020056364
        ],
        [
          0.030345530855641466,
          0.9938222242071051,
          0.1067545567854887,
          -0.08635718348801848
        ],
        [
          0.0,
          0.0,
          0.0,
          1.0
        ]
      ]
    },
    {
      "file_path": "./images/1548266081.61113.png",
      "sharpness": 181.62356055666606,
      "transform_matrix": [
        [
          0.33207619853956905,
          -0.11338489400189038,
          0.9364129773455767,
          5.38050325356863
        ],
        [
          0.9423836443362679,
          -0.0027211294534633624,
          -0.33452303708684694,
          0.5750101571003922
        ],
        [
          0.040477960034543015,
          0.9935474126744109,
          0.10594844729754285,
          -0.05934989120666837
        ],
        [
          0.0,
          0.0,
          0.0,
          1.0
        ]
      ]
    },
    {
      "file_path": "./images/1548266081.74515.png",
      "sharpness": 117.79936505804059,
      "transform_matrix": [
        [
          0.3483162786978952,
          -0.1055696596224748,
          0.9314133437560166,
          5.38276300255495
        ],
        [
          0.9370622803957152,
          0.013466113247718708,
          -0.3489024884597378,
          0.6187932735617965
        ],
        [
          0.024290999380674153,
          0.9943207282997422,
          0.10361581244140565,
          -0.16881410452065854
        ],
        [
          0.0,
          0.0,
          0.0,
          1.0
        ]
      ]
    },
    {
      "file_path": "./images/1548266081.51054.png",
      "sharpness": 212.07666711421538,
      "transform_matrix": [
        [
          0.3091594666105123,
          -0.11882328084702605,
          0.9435578689722061,
          5.3618576212978315
        ],
        [
          0.9492984472134919,
          -0.020943931028389005,
          -0.31367787596664687,
          0.5127406870800221
        ],
        [
          0.057034045280531125,
          0.9926945046927537,
          0.1063237414554305,
          0.01059511944423127
        ],
        [
          0.0,
          0.0,
          0.0,
          1.0
        ]
      ]
    },
    {
      "file_path": "./images/1548266081.64460.png",
      "sharpness": 147.37434153738022,
      "transform_matrix": [
        [
          0.33452909266343867,
          -0.11300628843701828,
          0.9355853060523046,
          5.363803984984271
        ],
        [
          0.9416356071857493,
          0.00048762281005574243,
          -0.3366335477989917,
          0.6181221804313083
        ],
        [
          0.0375854950641656,
          0.993594153043898,
          0.10657386904440976,
          -0.0753602432338302
        ],
        [
          0.0,
          0.0,
          0.0,
          1.0
        ]
      ]
    },
    {
      "file_path": "./images/1548266081.54405.png",
      "sharpness": 158.96971540794377,
      "transform_matrix": [
        [
          0.30665224512900746,
          -0.11677012701956925,
          0.944631747274403,
          5.347808251403056
        ],
        [
          0.9502124012132116,
          -0.020129026891060952,
          -0.3109521102305907,
          0.582835379720671
        ],
        [
          0.05532443525166557,
          0.9929549635696551,
          0.10478381149683072,
          -0.024945658805264503
        ],
        [
          0.0,
          0.0,
          0.0,
          1.0
        ]
      ]
    },
    {
      "file_path": "./images/1548266081.41004.png",
      "sharpness": 192.62359575699696,
      "transform_matrix": [
        [
          0.28783112115752557,
          -0.1207720871556625,
          0.9500354459822988,
          5.342504256237908
        ],
        [
          0.9548035755805492,
          -0.04065547111791202,
          -0.2944439925123196,
          0.4517655499557214
        ],
        [
          0.07418475416128514,
          0.9918473852350799,
          0.10361171081349635,
          0.051622139059767334
        ],
        [
          0.0,
          0.0,
          0.0,
          1.0
        ]
      ]
    },
    {
      "file_path": "./images/1548266081.57762.png",
      "sharpness": 118.18875321832233,
      "transform_matrix": [
        [
          0.3216267052789223,
          -0.11435861240766369,
          0.9399353010633966,
          5.35969698389541
        ],
        [
          0.9456905329262205,
          -0.010663222517053018,
          -0.3248933850035868,
          0.6122751348074622
        ],
        [
          0.04717709595631131,
          0.9933823047644308,
          0.10471827998669091,
          -0.04697588503530574
        ],
        [
          0.0,
          0.0,
          0.0,
          1.0
        ]
      ]
    },
    {
      "file_path": "./images/1548266081.47707.png",
